Date	MEAN_TEMP	HIGH_TEMP	LOW_TEMP	PRECIPITATION	REL_HUMIDITY	WIND_SPEED
1/1/2016	32.8	36.64	28.96	2.59	69.67	9.32
1/2/2016	30.69	34.53	26.85	1.57	66.93	8.41
1/3/2016	31.39	38.89	23.88	2.38	70.33	8.61
1/4/2016	17.12	26.89	7.35	1.09	62.89	10.04
1/5/2016	13.5	23.42	3.58	0.24	62.28	4.76
1/6/2016	24.86	37.69	12.04	0.06	49.24	4.51
1/7/2016	28.75	41.28	16.22	0.03	54.92	1.75
1/8/2016	29.94	40.97	18.92	1.34	70.65	4.89
1/9/2016	40.96	45.65	36.27	3.08	81.02	7.58
1/10/2016	42.9	53.09	32.71	68.26	85.71	7.67
1/11/2016	25.44	33.21	17.67	8.69	52.52	12.35
1/12/2016	24.7	33.84	15.55	3.33	68.48	7.71
1/13/2016	20.59	25.61	15.57	2.84	58.65	11.5
1/14/2016	23.11	30.85	15.37	2.89	70.9	5.24
1/15/2016	33.72	43.69	23.76	0.51	75.43	4.28
1/16/2016	36.71	43.33	30.09	18.1	77.55	6.95
1/17/2016	28.2	34.71	21.68	4.1	72.23	5.1
1/18/2016	19.4	25.22	13.57	3.97	61.93	12.89
1/19/2016	17.8	23.82	11.78	1.38	62.59	13.69
1/20/2016	23.42	29.21	17.62	0.62	64.96	6.71
1/21/2016	21.23	28.41	14.05	0.68	67.37	6.46
1/22/2016	17.79	26.19	9.4	0.45	63.48	4.63
1/23/2016	18.83	25.47	12.2	10.7	74.38	9.87
1/24/2016	19.16	29.31	9.01	0.52	70.35	5.2
1/25/2016	28.11	37.57	18.65	0.21	64.6	3.96
1/26/2016	36.91	47.14	26.68	3.67	72.41	9.7
1/27/2016	32.71	39.65	25.77	2	68.3	8.03
1/28/2016	30.68	40.18	21.17	0.57	65.03	6.6
1/29/2016	30.44	37.04	23.84	2.16	70.33	8.5
1/30/2016	31.88	42.27	21.5	0.49	60.37	6.9
1/31/2016	43.35	53.41	33.29	0.59	58.74	6.04
2/1/2016	44.6	55.85	33.35	2.21	63.45	7.06
2/2/2016	36.08	44.54	27.62	0.44	65.4	3.49
2/3/2016	44.3	54.76	33.84	55.03	82.7	9.91
2/4/2016	41.46	48.7	34.22	13.95	71.75	6.69
2/5/2016	30.74	36.93	24.55	15.24	68.27	7.37
2/6/2016	30.34	38.38	22.31	0.8	65.2	6.39
2/7/2016	33.81	44.32	23.3	0.08	63.81	3.58
2/8/2016	32.1	38.68	25.53	3.68	63.81	7.77
2/9/2016	29.4	34.1	24.7	3.33	78.95	5.01
2/10/2016	27.53	33.65	21.41	3.54	76.14	8.33
2/11/2016	16.24	23.45	9.04	2.85	58.75	12.46
2/12/2016	14.04	23.29	4.78	2.59	63.77	7.59
2/13/2016	7.01	18.38	-4.36	1.15	56.58	13.06
2/14/2016	-1.34	9.02	-11.69	0.27	56.64	5.38
2/15/2016	13.27	29.14	-2.61	13.6	72.46	5.8
2/16/2016	35.02	43.96	26.07	70.64	89.35	6.44
2/17/2016	29.47	34.93	24.02	16.59	77.2	7.41
2/18/2016	19.43	27.75	11.11	0.47	60.94	6.22
2/19/2016	24.15	38.84	9.45	1.41	60.68	7.1
2/20/2016	45.42	55.38	35.47	6.26	57.56	10.52
2/21/2016	39.22	46.68	31.76	3.41	72.36	4.71
2/22/2016	29.96	38.23	21.68	0.21	61.32	4.62
2/23/2016	28.95	37.9	20	6.32	71.64	6.71
2/24/2016	39.76	47.43	32.08	84.82	89.32	8.07
2/25/2016	40.03	49.94	30.12	34.13	82.14	9.76
2/26/2016	25.26	31.56	18.97	1.67	56.72	12.59
2/27/2016	28.31	38.71	17.91	1.06	61.41	8.69
2/28/2016	43.93	56.55	31.31	0.58	53.39	9.13
2/29/2016	42.53	55.07	29.99	6.9	63.04	10.6
3/1/2016	32.69	42.42	22.96	4.15	52.78	5.45
3/2/2016	31.77	43.66	19.86	13.79	60.93	11.82
3/3/2016	21.3	27.87	14.72	0.79	54.22	4.49
3/4/2016	25.57	33.02	18.13	2.11	65.22	5.24
3/5/2016	25.56	34.17	16.94	0.19	58.36	2.85
3/6/2016	30.24	40.2	20.27	0.16	59.49	2.4
3/7/2016	40.52	52.81	28.22	0.93	64.06	6.69
3/8/2016	48.06	61.01	35.11	0.36	63.02	3.29
3/9/2016	56.72	71.83	41.61	1.95	57.05	7.12
3/10/2016	56.19	64.55	47.82	26.33	80.51	4.16
3/11/2016	43.46	52.48	34.43	12.74	77.08	6.43
3/12/2016	43.49	58.46	28.52	0.24	60.52	4.42
3/13/2016	46.17	55.82	36.51	0.62	53.79	4.37
3/14/2016	44.12	49.42	38.8	27.56	73.47	9.71
3/15/2016	47.14	53.43	40.86	4.38	81.03	5.39
3/16/2016	50.61	60.07	41.16	10.67	76.69	3.87
3/17/2016	47.93	58.2	37.67	7.44	60.8	7.86
3/18/2016	39.76	48.05	31.47	2.59	63.36	8.89
3/19/2016	31.6	39.59	23.62	0.16	46.41	5.59
3/20/2016	30.58	39.96	21.2	1.21	48.83	4.53
3/21/2016	33.91	42.92	24.91	2.45	55.18	8.64
3/22/2016	38.49	50.66	26.33	1.22	53.18	6.96
3/23/2016	46.45	55.52	37.4	5.36	60.59	5.54
3/24/2016	44.34	54.02	34.68	6.1	69.95	8.2
3/25/2016	45.97	58.52	33.42	13.41	77.05	7.28
3/26/2016	39.81	50.13	29.5	1.75	63.3	3.49
3/27/2016	45.35	58.9	31.81	0.16	66.02	5.86
3/28/2016	46.72	55.69	37.75	35.9	76.77	8.61
3/29/2016	38.68	45.88	31.47	6.79	50.53	12.84
3/30/2016	42.26	57.83	26.68	0.14	44.38	6.85
3/31/2016	57.28	67.02	47.53	10	58.81	11.91
4/1/2016	55.96	66.61	45.31	13.79	74.01	9.07
4/2/2016	43.24	50.86	35.61	15.15	72.06	5.72
4/3/2016	31.23	38.17	24.29	12.67	56.63	12.29
4/4/2016	27.26	33.93	20.59	19.79	74.4	7.03
4/5/2016	25.01	34.91	15.11	0.57	48.98	6.57
4/6/2016	32.64	46.14	19.11	2.23	55.09	7.48
4/7/2016	45.84	54	37.68	25.67	76.03	8.5
4/8/2016	35.79	42.38	29.19	9.74	67.14	10.04
4/9/2016	31.63	38.79	24.47	2.72	62.17	6.37
4/10/2016	32.58	42.17	22.97	2.24	51.99	4.93
4/11/2016	44.75	52.86	36.66	15.26	77.65	9.49
4/12/2016	42.53	50.6	34.46	20.97	68.97	7.55
4/13/2016	38.96	49.27	28.64	1.26	54.85	3.94
4/14/2016	42.23	55.52	28.94	0.03	49.26	4.38
4/15/2016	46.74	62.1	31.38	0.01	43.14	3.93
4/16/2016	50.8	65.67	35.94	0.06	38.14	4.18
4/17/2016	54.47	71.52	37.41	0.06	39.99	2.34
4/18/2016	56.72	72.98	40.46	0.44	42.19	3.69
4/19/2016	52.45	63.22	41.7	1.21	50.28	7.82
4/20/2016	49.9	63.02	36.78	0.11	38.26	3.78
4/21/2016	55.14	72.12	38.16	0.47	46.36	5.19
4/22/2016	60.37	69.97	50.77	8.18	71.78	4.44
4/23/2016	49.62	58.91	40.33	8.1	61.31	7.93
4/24/2016	46.2	58.19	34.21	0.03	40.82	3.49
4/25/2016	49.85	58.59	41.13	2.18	51.16	4.31
4/26/2016	43.36	50.67	36.05	22.69	83.4	6.18
4/27/2016	43.82	55.05	32.59	3.31	57.3	3.6
4/28/2016	44.28	54.65	33.9	0.21	47.28	4.31
4/29/2016	46.4	54.45	38.36	5.22	58.01	4.56
4/30/2016	50	60.62	39.37	2.5	58.12	3.32
5/1/2016	47.7	52.78	42.62	21.1	82.34	5.14
5/2/2016	47.71	53	42.4	24.67	89.21	3.53
5/3/2016	48.51	54.9	42.12	24.46	82.87	3.23
5/4/2016	49.84	56.18	43.52	11.08	80.79	4.78
5/5/2016	51.39	57.99	44.78	2.67	73.68	7.64
5/6/2016	52.45	60.25	44.65	18.93	72.43	6.68
5/7/2016	55.22	64.1	46.33	7.67	73.75	3.92
5/8/2016	51.6	60.52	42.68	9.05	62.11	8.41
5/9/2016	49.81	61.39	38.22	0.69	50.96	6.26
5/10/2016	49.8	63.68	35.93	0.08	48.06	3.07
5/11/2016	56.02	72.57	39.46	0.03	47.66	2.91
5/12/2016	61.51	78.38	44.65	0.1	52.44	3.69
5/13/2016	59.9	68.28	51.52	27.69	78.98	6.58
5/14/2016	57.05	67.54	46.56	10.77	69.64	7.2
5/15/2016	45.77	51.9	39.64	5.67	58.84	12.63
5/16/2016	48.76	59.95	37.58	1.77	48.15	11.11
5/17/2016	52.5	63.02	41.97	0.26	59.46	4.9
5/18/2016	52.42	63.93	40.93	0.36	58.75	3.07
5/19/2016	54.8	66.54	43.04	2.64	59.25	3.45
5/20/2016	57.85	72.94	42.75	0.23	52.28	2.34
5/21/2016	57.27	67.64	46.89	1.92	66.05	3.12
5/22/2016	60.21	70.51	49.91	5.69	69.14	2.78
5/23/2016	62.1	76.66	47.54	2.69	58.91	3.28
5/24/2016	62.81	74.78	50.85	9.28	58.11	4.76
5/25/2016	67.8	83.74	51.85	2.18	51.67	5.24
5/26/2016	70.7	83.89	57.5	1.15	58.42	3.59
5/27/2016	73.01	84	62.02	5.49	68.62	5.47
5/28/2016	75.72	87.89	63.52	2.18	64.01	4.02
5/29/2016	75	85.31	64.69	24.85	69.89	4.6
5/30/2016	71.58	80.57	62.59	30.69	71.73	6.35
5/31/2016	69.94	80.76	59.13	1.26	59.71	4.76
6/1/2016	67.24	80.34	54.16	0.06	61.14	4.05
6/2/2016	68.23	75.53	60.93	13.56	71.94	6.68
6/3/2016	67.36	75.77	58.94	6.87	72.55	3.29
6/4/2016	68.82	80.48	57.17	2.87	67.31	2.52
6/5/2016	66.9	72.59	61.22	60.85	86.06	6.37
6/6/2016	68.88	78.4	59.37	18.15	62.45	8.09
6/7/2016	65.63	74.38	56.89	11.05	69.28	6.45
6/8/2016	56.49	62.71	50.27	14.97	67.08	10.15
6/9/2016	57.05	66.15	47.95	2.31	52.45	10.83
6/10/2016	59.36	71.95	46.76	0.01	49.33	6.23
6/11/2016	63.44	77.85	49.02	11.49	73.54	5.4
6/12/2016	64.71	74.64	54.79	4.82	56.09	11.19
6/13/2016	59.45	67.27	51.61	1.03	63.84	9.2
6/14/2016	60.82	74.23	47.42	0.1	55.07	5.12
6/15/2016	65.65	80.95	50.37	1.8	55.39	2.93
6/16/2016	69.12	79.57	58.67	3.18	64.43	3.8
6/17/2016	67.57	80.59	54.55	4.77	52.49	3.59
6/18/2016	68.94	84.18	53.69	0.26	52.1	2.82
6/19/2016	71.22	85	57.44	0.01	56.06	4.61
6/20/2016	73.88	85.73	62.02	6.69	61.96	7.44
6/21/2016	69.69	80.3	59.07	15.36	52.95	6.35
6/22/2016	66.49	77.54	55.42	3.28	56.03	5.08
6/23/2016	65.8	78.26	53.35	0.78	60.27	2.99
6/24/2016	66.93	81.12	52.73	0.03	56.09	3.22
6/25/2016	69.3	83.9	54.71	0.16	57.88	2.41
6/26/2016	73.25	86.54	59.95	0.08	58.08	5.67
6/27/2016	74.32	82.99	65.66	18.41	67.04	7.3
6/28/2016	71.29	79.08	63.5	25.49	76.83	5.43
6/29/2016	69.5	78.19	60.82	17.21	71.02	4.6
6/30/2016	69.21	81.15	57.27	0.21	58.83	3.5
7/1/2016	68.31	79.03	57.59	28.62	72.91	5.77
7/2/2016	66.28	75.49	57.06	8.67	59.55	8.71
7/3/2016	67.28	79.14	55.42	1.13	56.72	5.4
7/4/2016	70.04	83.68	56.41	5.39	59.07	4.55
7/5/2016	74.67	85.52	63.82	23.39	67.08	4.61
7/6/2016	77.16	88.51	65.81	3.74	63.52	4.14
7/7/2016	78.17	87.34	68.97	13.77	72.56	3.94
7/8/2016	74.63	82.84	66.4	13.69	77.76	4.48
7/9/2016	70.36	76.13	64.6	29.9	79.07	6.7
7/10/2016	68.05	75.3	60.77	17.92	77.03	5.66
7/11/2016	68.76	80.18	57.34	1.62	67.51	2.78
7/12/2016	72.14	85.65	58.61	0.03	64.58	4.47
7/13/2016	77.75	87.7	67.79	7.97	69.23	6.8
7/14/2016	78.33	85.86	70.8	16.51	74.32	7.72
7/15/2016	77.95	87.35	68.56	12.1	63.84	6.34
7/16/2016	72.74	81.77	63.72	2.46	68.37	3.46
7/17/2016	73.22	83.86	62.56	2.59	66.33	3.28
7/18/2016	76.07	86.13	66.02	14.59	68.41	7.44
7/19/2016	69.51	79.41	59.59	2.95	56.66	5.82
7/20/2016	68.04	80.91	55.17	0	58.37	2.86
7/21/2016	72.81	87.28	58.35	0.03	58.63	5.58
7/22/2016	80.41	90.43	70.39	7.05	62.36	8.78
7/23/2016	79.24	90.65	67.82	8.92	55.65	6.85
7/24/2016	75.08	87.72	62.46	0.88	61.01	2.73
7/25/2016	75.73	84.59	66.88	49.28	77.44	5.12
7/26/2016	75.71	85.44	65.99	12.92	65.82	6.05
7/27/2016	75.41	87.43	63.38	1	62.83	4.28
7/28/2016	76.52	86.91	66.13	4.49	69.62	2.38
7/29/2016	74.71	84.34	65.09	23.05	71.13	4.33
7/30/2016	71.85	80.22	63.49	13.69	73.83	3.91
7/31/2016	71.88	78.6	65.16	29.41	80.89	4.92
8/1/2016	72.2	79.2	65.21	16.92	78.26	3.82
8/2/2016	71.15	80.44	61.86	11.92	71.69	3.64
8/3/2016	71.47	82.94	59.99	0.62	66.31	3.37
8/4/2016	73.47	85.12	61.83	0.56	66.01	3.72
8/5/2016	75.8	86	65.61	4.1	66.34	7.23
8/6/2016	75.25	84.08	66.42	15.82	68.88	6.21
8/7/2016	72.39	82.94	61.85	2.67	60.35	5.35
8/8/2016	71.13	83.4	58.86	0.03	58.18	2.44
8/9/2016	73.11	87.39	58.82	0.31	59.05	4.71
8/10/2016	77.75	85.99	69.51	40.05	76.59	5.66
8/11/2016	80.8	90.35	71.24	15.33	73.19	4.59
8/12/2016	81.16	90.04	72.27	16.44	75.22	6.62
8/13/2016	81.65	90.19	73.1	24.9	76.71	5.67
8/14/2016	78.77	86.08	71.47	17.69	76.06	5.94
8/15/2016	75.3	82.92	67.67	1.74	72.65	2.52
8/16/2016	76.34	84.76	67.93	23.62	80.05	6.01
8/17/2016	74.14	81.54	66.74	15.13	70.38	5.46
8/18/2016	74.07	82.47	65.68	9.38	74.51	3.03
8/19/2016	74.47	84.55	64.38	1.87	70.2	2.23
8/20/2016	75.03	86.05	63.99	7.79	71.36	4.87
8/21/2016	73.91	81.11	66.72	45.82	78.26	7.29
8/22/2016	65.67	74.22	57.12	16.15	63.84	7.12
8/23/2016	66.2	79.05	53.34	0.05	64.41	3.81
8/24/2016	71.64	84.5	58.78	0.03	65.49	5.12
8/25/2016	74.55	82.54	66.56	12.26	77.35	6.35
8/26/2016	76.06	85.1	67.02	4.1	72.3	4.8
8/27/2016	73.53	84.66	62.39	0.1	66.77	2.26
8/28/2016	75.57	86.3	64.84	4.62	69.8	4.77
8/29/2016	72.92	83	62.83	1.79	66.36	4.46
8/30/2016	69.26	80.84	57.68	0.08	69.37	2.94
8/31/2016	71.34	78.89	63.79	16.85	78.7	4.07
9/1/2016	68	75.42	60.58	13.23	75.12	4.31
9/2/2016	65.59	75.45	55.73	0.18	67.29	4.88
9/3/2016	63.37	74.5	52.25	0	69.76	3.55
9/4/2016	66.09	79.32	52.85	0.03	66.11	3.29
9/5/2016	69.07	82.46	55.69	0.21	63.46	4.95
9/6/2016	70.83	82.31	59.36	4.08	69.53	5.64
9/7/2016	74.09	85.27	62.9	4.34	73.4	4.72
9/8/2016	76.78	85.99	67.58	17.95	78.46	5.03
9/9/2016	77.08	85.35	68.83	8.36	73.42	3.52
9/10/2016	76.15	86.34	65.98	13.67	76.25	5.91
9/11/2016	67.53	78.2	56.87	16.05	66.37	7.15
9/12/2016	62.88	75.36	50.4	0.03	64.03	2.48
9/13/2016	66.42	80.62	52.21	0.05	68.26	5.07
9/14/2016	66.82	77.5	56.14	6.08	72.62	4.76
9/15/2016	58.88	70.45	47.31	0.08	65.36	3.03
9/16/2016	60.37	74.56	46.17	0.03	68.14	3.62
9/17/2016	65.25	76.13	54.36	18.51	76.85	7.01
9/18/2016	72.12	78.89	65.35	36.62	82.06	5.42
9/19/2016	69.93	77.25	62.6	30	83.48	2.05
9/20/2016	70.62	81.39	59.86	3.77	74.85	3.12
9/21/2016	67.84	80.59	55.08	0	61.6	2.93
9/22/2016	68.9	82.67	55.11	0.72	62.26	3.1
9/23/2016	65.22	76.59	53.83	5.9	75.69	4.13
9/24/2016	55.97	66.13	45.81	4.57	66.42	4.78
9/25/2016	53.23	65.8	40.64	0.08	58.36	3.31
9/26/2016	55.89	69.72	42.05	3.77	69.35	5.52
9/27/2016	61.81	71.59	52.04	13.42	70.25	4.58
9/28/2016	60.16	71.14	49.17	0.37	70.66	6.67
9/29/2016	58.8	64.85	52.75	4.95	74.54	8.58
9/30/2016	57.66	62.53	52.81	11.32	75.37	8.11
10/1/2016	57.91	63	52.84	14.22	85.14	5.91
10/2/2016	60.06	65.53	54.6	12.55	85.44	3.68
10/3/2016	61.25	68.73	53.77	5.76	83.18	1.91
10/4/2016	59.78	68.4	51.17	0.87	79.73	3.79
10/5/2016	59.05	70.12	47.99	0.03	73.24	3.54
10/6/2016	60.11	73.78	46.44	0	70.81	2.33
10/7/2016	61.31	75.32	47.31	0.55	70.1	3.67
10/8/2016	58.66	67.25	50.07	20.63	85.47	4.23
10/9/2016	53.24	59.95	46.51	18.51	71.1	8.43
10/10/2016	47.29	56.73	37.85	0.08	60.22	6.83
10/11/2016	49.68	64.62	34.75	0.03	63.78	2.51
10/12/2016	56.44	69.23	43.66	0	64.51	5.25
10/13/2016	53.82	63.94	43.71	5.92	78.62	5.95
10/14/2016	46.9	58.32	35.48	1.92	63.86	3.43
10/15/2016	50.29	65.89	34.7	0	66.04	4.07
10/16/2016	60.09	70.87	49.31	5.97	76.05	6.97
10/17/2016	64.81	72.15	57.46	11.08	82.3	3.76
10/18/2016	69.19	79.51	58.88	9	72.46	8.26
10/19/2016	62.6	73.64	51.56	2.68	74.2	4.06
10/20/2016	56.42	63.2	49.63	41.29	87.68	4.96
10/21/2016	56.06	62.26	49.86	104.62	92.1	7.14
10/22/2016	46.43	51.4	41.47	40.29	79	11.85
10/23/2016	48.67	56.54	40.81	9.79	61.48	11.16
10/24/2016	47.66	53.89	41.43	6.03	65.87	9.6
10/25/2016	42.52	47.95	37.08	1.11	58.53	9.05
10/26/2016	38.33	44.5	32.16	0.62	60.76	4.92
10/27/2016	39.62	46.76	32.49	45.97	80.64	5.31
10/28/2016	41.22	47.65	34.79	19.45	75.31	8.25
10/29/2016	48.52	61.11	35.94	2.82	78.81	6.36
10/30/2016	51.99	60.46	43.51	18.63	81.6	5
10/31/2016	40.99	49.14	32.86	3.09	71.95	4.78
11/1/2016	45.1	59.64	30.56	0	73.56	5.23
11/2/2016	58.24	67.13	49.34	5.74	75.67	3.83
11/3/2016	55.89	62.81	48.97	24.16	83.7	4.69
11/4/2016	45.17	53.49	36.85	3.45	67.67	6.78
11/5/2016	47.4	57.43	37.38	1.76	75	6.11
11/6/2016	44.34	53.33	35.36	0.76	68.34	6.39
11/7/2016	43.21	56.06	30.37	0.03	61.67	3.23
11/8/2016	48.52	64.02	33.02	1.58	61.55	3.57
11/9/2016	45.36	53.44	37.29	4.9	82.5	5.63
11/10/2016	43.81	55.25	32.37	0.9	64.93	7.54
11/11/2016	45.96	55.61	36.31	1.13	52.62	11.08
11/12/2016	38.33	47.5	29.18	0.08	57.96	6.76
11/13/2016	46.13	57.01	35.25	0.06	53.48	8.13
11/14/2016	45.91	58.47	33.35	0.9	52.2	5.2
11/15/2016	45.77	55	36.53	10.5	75.18	4.48
11/16/2016	46.56	54.7	38.43	28.32	79.25	5.53
11/17/2016	45.48	54.67	36.28	2.06	77.37	5.01
11/18/2016	49.72	64.43	35.01	0.17	71.75	4.31
11/19/2016	48.92	63.94	33.91	0.69	76.56	7.23
11/20/2016	36.09	42.17	30.01	27.55	80.66	14.34
11/21/2016	31.84	34.93	28.78	19.46	69.36	16.84
11/22/2016	32.89	36.04	29.73	5.86	65.27	12.51
11/23/2016	32.43	37.67	27.2	0.64	67.42	5.71
11/24/2016	36.32	41.75	30.89	3.32	82.63	4.45
11/25/2016	41.74	46.24	37.24	5.29	90.06	3.23
11/26/2016	39.68	43.79	35.57	5.74	86.36	5.06
11/27/2016	37.63	43.31	31.96	5.11	77.83	6.17
11/28/2016	37.61	47.8	27.41	1.04	72.39	4.56
11/29/2016	46.13	54.46	37.8	13.71	84.86	7.83
11/30/2016	48.39	55.02	41.77	29.37	90.1	6.69
12/1/2016	45.48	52.1	38.85	54.08	76.38	11.6
12/2/2016	40.81	45.82	35.8	9.13	69.83	11.19
12/3/2016	38.54	41.93	35.16	4	68.01	10.84
12/4/2016	34.19	39.45	28.93	0.84	65.48	5.2
12/5/2016	35.41	41.89	28.92	9.89	80.73	7.22
12/6/2016	34.61	41.44	27.76	3.66	80.42	5.17
12/7/2016	37.07	42.08	32.06	21.05	83.71	6.27
12/8/2016	34.09	38.82	29.35	3.28	74.35	7.83
12/9/2016	28.1	32.5	23.69	1.51	62.84	10.95
12/10/2016	23.54	28.79	18.28	0.4	70.92	5.79
